2
3
4
17
47
77
107
244
381
518
655
792
929
1066
1203
1340
1477
1614
1751
1888
2025
2162
2299
2436
2573
2710
2847
2984
3121
3258
3395
3532
3669
3806
3943
4080
4217
4354
4491
4628
4765
9667
14569
19471
63315
107159
258162
667327
1076492
1485657
1894822
2303987
2713152
3122317
3531482
3940647
4349812
4758977
5168142
5577307
5986472
6395637
6804802
7213967
7623132
8032297
8441462
8850627
9259792
9668957
10078122
10487287
10896452
11305617
11714782
12123947
1504170715041707
8912517754604
2044785486369
1311409677241
578033868113
422691927098
267349986083
112008045068
68674149121
25340253174
7346610401
4046188430
745766459
428410324
111054189
15806432
15397267
14988102
14578937
14169772
13760607
13351442
12942277
12533112